training loss is :[ 1.28524922  0.68002057  0.5803102   0.53265142  0.50017303  0.48021331
  0.46174758  0.44519441  0.43566099  0.42585442  0.41390301  0.40900106
  0.39988076  0.39761743  0.39054998  0.38169893  0.38053928  0.37459771
  0.37013616  0.36492402  0.36265513  0.3578095   0.35690651  0.35340995
  0.35071979  0.34886016  0.3449151   0.34023607  0.33876315  0.33868016
  0.33411467  0.33142998  0.33032901  0.32508795  0.32488951  0.32246506
  0.32255069  0.32126515  0.31657321  0.31526639  0.31418581  0.31354038
  0.31107737  0.31034396  0.30799272  0.30746647  0.3054824   0.3055207
  0.30508946  0.30253558]
training accuracy is :[ 0.62371454  0.78092199  0.80989362  0.82330674  0.83179965  0.83596631
  0.84403369  0.84758865  0.85135638  0.85370567  0.85782801  0.85835106
  0.86121454  0.86261525  0.86386525  0.86580674  0.86605496  0.86862589
  0.86984929  0.87105496  0.87198582  0.87291667  0.87273936  0.87578014
  0.87562057  0.87609929  0.87707447  0.87842199  0.87998227  0.87796099
  0.88019504  0.88181738  0.88125887  0.88307624  0.88345745  0.88359929
  0.88423759  0.88347518  0.88522163  0.88562943  0.88612589  0.88670213
  0.88781915  0.88744681  0.88799645  0.8893617   0.88934397  0.88917553
  0.8889273   0.8897961 ]
validation_loss loss is :[ 0.5752494   0.47081125  0.44182282  0.42127089  0.39953661  0.38906715
  0.37830261  0.38370866  0.37098432  0.36673435  0.36076306  0.35752405
  0.35933068  0.35254362  0.34789699  0.35050818  0.34447529  0.34374121
  0.34225894  0.3484821   0.33801024  0.33879976  0.34584196  0.33717386
  0.33487641  0.33418758  0.33626491  0.33684336  0.33135496  0.33481615
  0.3431553   0.33693164  0.33855567  0.33231532  0.34223832  0.33838119
  0.33215679  0.32891697  0.33333738  0.33241389  0.3252683   0.32949131
  0.32741751  0.32351596  0.32505437  0.33291996  0.33679198  0.32803453
  0.33035137  0.3242918 ]
validation_acc loss is :[ 0.81861702  0.84595745  0.85058511  0.85898936  0.86361702  0.86755319
  0.86898936  0.86941489  0.87111702  0.87367021  0.87382979  0.87585106
  0.87643617  0.87909574  0.87829787  0.87723404  0.88        0.88069149
  0.88111702  0.88154255  0.88159574  0.88324468  0.88244681  0.88356383
  0.88569149  0.88478723  0.88462766  0.88569149  0.88574468  0.88489362
  0.885       0.88691489  0.88292553  0.88654255  0.88489362  0.88648936
  0.88718085  0.88744681  0.88819149  0.88585106  0.88728723  0.88765957
  0.88718085  0.88702128  0.88670213  0.88654255  0.88808511  0.8881383
  0.88930851  0.89058511]
