training loss is :[ 1.54271134  0.71588813  0.59536748  0.53538111  0.49882973  0.47774852
  0.45890126  0.44004742  0.43254961  0.4223447   0.41148774  0.40648246
  0.39748882  0.39137151  0.39065938  0.38314913  0.37750888  0.3755533
  0.37230251  0.36988798  0.36721069  0.36339419  0.36162905  0.36020468
  0.35532731  0.35456339  0.35382521  0.35171454  0.34902113  0.34599728]
training accuracy is :[ 0.55492021  0.76730496  0.80281915  0.82090426  0.8314805   0.83780142
  0.84240248  0.84786348  0.85108156  0.85346631  0.85681738  0.85841312
  0.86085106  0.86236702  0.86287234  0.86554965  0.86724291  0.86703014
  0.86728723  0.86929078  0.86919326  0.87091312  0.87181738  0.87113475
  0.87373227  0.8737234   0.8735727   0.87373227  0.87632979  0.87681738]
validation_loss loss is :[ 0.57985664  0.45368695  0.41508001  0.3879426   0.36957608  0.35739086
  0.34933872  0.33830365  0.33816513  0.3356587   0.32791035  0.33234539
  0.32225516  0.3268003   0.31719699  0.32338457  0.31209273  0.31708438
  0.30594501  0.30994545  0.30597231  0.31076762  0.31120014  0.30542654
  0.30954332  0.3094248   0.30152225  0.30511296  0.30567244  0.30091437]
validation_acc loss is :[ 0.80494681  0.84675532  0.85558511  0.8618617   0.86968085  0.87324468
  0.87728723  0.88058511  0.87989362  0.87957447  0.88271277  0.88079787
  0.88526596  0.88452128  0.88478723  0.88319149  0.88803191  0.88707447
  0.88978723  0.88739362  0.89069149  0.89037234  0.88835106  0.89154255
  0.88984043  0.8887766   0.89351064  0.89207447  0.89212766  0.89351064]
