training loss is :[ 1.19409209  0.64921795  0.5604533   0.51222322  0.48642693  0.463087
  0.44484475  0.42940408  0.41806762  0.40788502  0.39547999  0.38731604
  0.37904659  0.37307707  0.36888671  0.36074808  0.35457299  0.35062004
  0.34583506  0.34341885  0.33391691  0.3316265   0.32946876  0.32660831
  0.32330725  0.3173495   0.31939474  0.31360288  0.31154394  0.30781869
  0.30493516  0.30150938  0.30122236  0.29481041  0.29737943  0.29402349
  0.29235977  0.29143293  0.28845777  0.28709961  0.28536054  0.28248886
  0.28296872  0.27864345  0.2778704   0.27552492  0.2778991   0.27373943
  0.27433135  0.27065941]
training accuracy is :[ 0.64734929  0.78859043  0.81305851  0.82618794  0.83452128  0.83996454
  0.84524823  0.84967199  0.85213652  0.85422872  0.85784574  0.86161348
  0.86340426  0.86560284  0.86766844  0.86766844  0.87067376  0.87129433
  0.87242908  0.87353723  0.87565603  0.87635638  0.87660461  0.87817376
  0.87888298  0.88065603  0.88140957  0.88111702  0.88379433  0.88394504
  0.88434397  0.88610816  0.88547872  0.88696809  0.88679965  0.88718972
  0.8883156   0.88804965  0.88924645  0.89120567  0.89078014  0.89195035
  0.89070922  0.89257979  0.89330674  0.89370567  0.89317376  0.8941844
  0.8941578   0.89601064]
validation_loss loss is :[ 0.53256899  0.44835031  0.41532514  0.39900592  0.3845488   0.37327538
  0.36792299  0.35879733  0.35620968  0.35485609  0.34959122  0.34369469
  0.33936052  0.33784979  0.33741637  0.33588907  0.33612164  0.33739623
  0.33395297  0.33541513  0.33299372  0.33195944  0.33241119  0.32771188
  0.32767825  0.32977753  0.32951811  0.33017663  0.32926598  0.32818986
  0.32959578  0.32739792  0.32410936  0.3229059   0.32819451  0.33046672
  0.32860757  0.3295995   0.32744671  0.32993581  0.33026787  0.32935319
  0.32615339  0.33361563  0.32808701  0.33239511  0.32554136  0.33040429
  0.3283948   0.33330345]
validation_acc loss is :[ 0.82994681  0.85042553  0.85829787  0.86170213  0.8687234   0.87015957
  0.8712766   0.87611702  0.87414894  0.87585106  0.87702128  0.87670213
  0.88255319  0.8812766   0.88303192  0.88260638  0.88228723  0.87952128
  0.88345745  0.88329787  0.88430851  0.8837234   0.88398936  0.88617021
  0.88723404  0.88553191  0.88414894  0.88632979  0.88632979  0.88585106
  0.88680851  0.88611702  0.8862234   0.88803191  0.88840426  0.88829787
  0.88744681  0.88723404  0.88835106  0.88723404  0.88755319  0.88930851
  0.88968085  0.88845745  0.88925532  0.8875      0.88968085  0.88734043
  0.88867021  0.88819149]
