training loss is :[ 1.42207203  0.55697138  0.4260399   0.37113587  0.33392925  0.31279277
  0.29744721  0.28303246  0.27050031  0.26445906  0.25695659  0.25022758
  0.24638058  0.23797807  0.23624752  0.23169983  0.23028107  0.22599417
  0.22508577  0.22151681  0.22128428  0.21716781  0.21775345  0.21425833
  0.21214706  0.21340176  0.21083761  0.2105868   0.20634523  0.2085041
  0.20661513  0.20643002  0.20151147  0.20418557  0.19982387  0.20234335
  0.20068463  0.20081894  0.19824246  0.19769044  0.19519345  0.19815287
  0.19623908  0.19678972  0.19441908  0.19422115  0.19379733  0.19319938
  0.19213499  0.19040354]
training accuracy is :[ 0.56419071  0.82311699  0.86475962  0.88273237  0.89463942  0.90108974
  0.90544872  0.90925481  0.91401442  0.91528045  0.91842949  0.92028045
  0.92169872  0.92362179  0.92419872  0.92491987  0.92514423  0.92746795
  0.92758013  0.92924679  0.92951923  0.93009615  0.93043269  0.93100962
  0.93220353  0.93145032  0.931875    0.93235577  0.93265224  0.93235577
  0.93399038  0.93399038  0.93543269  0.93455929  0.93532853  0.93475962
  0.93499199  0.93494391  0.93607372  0.93671474  0.93625     0.93610577
  0.93629006  0.93689103  0.93645833  0.93720353  0.93789263  0.93728365
  0.93764423  0.93796474]
validation_loss loss is :[ 0.38584133  0.26624831  0.2273202   0.21370433  0.19729081  0.19486995
  0.18803144  0.18442953  0.17420685  0.17571775  0.17017522  0.17077041
  0.16513369  0.16637472  0.16568425  0.16407117  0.16403577  0.16293462
  0.16027501  0.1661135   0.16247299  0.16409548  0.15945402  0.15801034
  0.15671886  0.15815893  0.15674367  0.15574048  0.15711314  0.15401425
  0.15618215  0.15352384  0.15323119  0.16025865  0.15580652  0.15486429
  0.15498542  0.15376499  0.15990303  0.15416277  0.15586118  0.15673054
  0.15658906  0.15208305  0.15475881  0.15739309  0.15694057  0.15389438
  0.15982742  0.15201066]
validation_acc loss is :[ 0.86745192  0.91442308  0.92576923  0.92947115  0.93355769  0.93418269
  0.93677885  0.93841346  0.94245192  0.94163462  0.94336538  0.94173077
  0.94418269  0.94326923  0.94538462  0.94581731  0.94639423  0.94586538
  0.946875    0.94509615  0.94706731  0.94610577  0.94629808  0.94759615
  0.94716346  0.94658654  0.94841346  0.94865385  0.94841346  0.94961538
  0.949375    0.94860577  0.94903846  0.94802885  0.94745192  0.94716346
  0.94899038  0.94990385  0.94778846  0.94951923  0.94778846  0.949375
  0.94971154  0.94923077  0.949375    0.94966346  0.94894231  0.949375
  0.94658654  0.94951923]
