training loss is :[ 1.85144841  0.80120616  0.65682029  0.58853675  0.54583134  0.51930883
  0.49708559  0.48167798  0.46669236  0.45954077  0.45290172  0.44058819
  0.43340389  0.42983943  0.42086614  0.41859575  0.41323337  0.40957543
  0.40590663  0.40316144  0.39712443  0.39279079  0.3943287   0.3895789
  0.38883402  0.38707074  0.38390072  0.3822577   0.38079082  0.37655552
  0.37808223  0.3786599   0.37404746  0.3710018   0.37355758  0.37139659
  0.36883503  0.36810975  0.36686409  0.3649446   0.36198524  0.36498848
  0.36367331  0.361679    0.36060461  0.36177747  0.36189008  0.3578333
  0.35794149  0.35657621]
training accuracy is :[ 0.46948582  0.73864362  0.78227837  0.80477837  0.81505319  0.82330674
  0.83106383  0.83509752  0.84056738  0.8425266   0.84351064  0.8466844
  0.84886525  0.8508156   0.85241135  0.85424645  0.85350177  0.85571809
  0.85758865  0.85787234  0.85866135  0.86085106  0.86083333  0.86243794
  0.86199468  0.86257979  0.8639805   0.86506206  0.86285461  0.86594858
  0.86624113  0.86527482  0.86678191  0.86718085  0.86641844  0.86819149
  0.86824468  0.86929965  0.86899823  0.86923759  0.87052305  0.86923759
  0.87047872  0.86990248  0.87070035  0.87110816  0.87047872  0.87172872
  0.87146277  0.87130319]
validation_loss loss is :[ 0.5872498   0.46134721  0.41857235  0.38708575  0.37560101  0.37187205
  0.35223558  0.34757918  0.33988466  0.33573433  0.33177585  0.32732168
  0.32562644  0.32346295  0.31899772  0.31437863  0.32305794  0.31624179
  0.31098149  0.30711748  0.31074069  0.30739125  0.30782468  0.3053725
  0.30667417  0.30347699  0.30623997  0.30254499  0.30465266  0.30390278
  0.29927275  0.30414845  0.3010686   0.29832304  0.29878005  0.29981753
  0.29753114  0.29610591  0.29866275  0.29903825  0.29568151  0.29779591
  0.29702562  0.29551499  0.2971002   0.29501655  0.29953046  0.29906308
  0.2951094   0.29833155]
validation_acc loss is :[ 0.80569149  0.84026596  0.84973404  0.86234043  0.865       0.8668617
  0.87074468  0.87452128  0.87739362  0.87654255  0.87909574  0.88026596
  0.87867021  0.88079787  0.88085106  0.88441489  0.88058511  0.88409574
  0.88457447  0.88585106  0.8862766   0.88659574  0.88723404  0.88553192
  0.88585106  0.88585106  0.88521277  0.88654255  0.8875      0.88829787
  0.88898936  0.88744681  0.88771277  0.88840426  0.88898936  0.88808511
  0.88957447  0.88962766  0.89101064  0.89180851  0.8893617   0.88989362
  0.89042553  0.89090426  0.88989362  0.89090426  0.88957447  0.8912766
  0.89228723  0.89132979]
