training loss is :[ 1.84170021  0.80992429  0.64479022  0.57339024  0.53157328  0.50553005
  0.48840482  0.47413612  0.46731792  0.46168542  0.45194419  0.45157359
  0.44369074  0.44439397  0.44061071  0.43768852  0.44039158  0.43612976
  0.43954352  0.4359669   0.43815289  0.43854443  0.43649606  0.43636171
  0.43750897  0.43991882  0.43438568  0.43490542  0.43769776  0.44240987
  0.44290308  0.44053787  0.44134791  0.44472549  0.44086756  0.44366615
  0.44585604  0.44792588  0.44340221  0.44871473  0.44947083  0.45185735
  0.45174533  0.45194126  0.4524436   0.45632559  0.45598355  0.45855227
  0.46111617  0.46092207]
training accuracy is :[ 0.47120567  0.73694149  0.78733156  0.81052305  0.8214273   0.8293617
  0.83667553  0.84183511  0.84261525  0.84615248  0.8495922   0.84927305
  0.85125     0.85132979  0.85340426  0.85542553  0.85489362  0.85568262
  0.85400709  0.85562057  0.85591312  0.85580674  0.85680851  0.85556738
  0.8558422   0.85593972  0.85714539  0.85671099  0.85703901  0.85429078
  0.85695922  0.85600177  0.85613475  0.85555851  0.85610816  0.85577128
  0.85499113  0.85419326  0.85585993  0.85368794  0.855       0.85284574
  0.85411348  0.85396277  0.85245567  0.85211879  0.85330674  0.85194149
  0.8524734   0.85048759]
validation_loss loss is :[ 0.61245232  0.46873226  0.415656    0.3888818   0.38277562  0.36950136
  0.36461426  0.34705855  0.34376509  0.34033995  0.33867466  0.35101994
  0.34301195  0.34826558  0.33441644  0.34012293  0.35502864  0.33581595
  0.33912128  0.33312765  0.3406034   0.34032509  0.32915585  0.33666599
  0.34075834  0.33604085  0.37735903  0.34396112  0.33938507  0.33917721
  0.36486819  0.34645854  0.34832833  0.33823349  0.352959    0.33419385
  0.34012203  0.3430129   0.3338012   0.33905574  0.33904006  0.35430897
  0.34711761  0.33801168  0.34509737  0.38652244  0.35841411  0.35043216
  0.35633338  0.34787496]
validation_acc loss is :[ 0.79457447  0.83808511  0.85728723  0.86468085  0.86531915  0.86898936
  0.87303192  0.87648936  0.87739362  0.87835106  0.88212766  0.87973404
  0.87957447  0.87707447  0.88180851  0.88101064  0.88037234  0.88058511
  0.88154255  0.88345745  0.88101064  0.88276596  0.88281915  0.88356383
  0.88159574  0.88175532  0.88        0.88196809  0.88356383  0.88132979
  0.88053191  0.88223404  0.87909574  0.88180851  0.87808511  0.88138298
  0.88212766  0.88239362  0.88202128  0.88        0.8837766   0.87888298
  0.87893617  0.88393617  0.88175532  0.87228723  0.87978723  0.87824468
  0.88010638  0.87984043]
