training loss is :[ 1.13659444  0.73184303  0.64881084  0.60730241  0.57458129  0.55541678
  0.53981079  0.52387917  0.51663838  0.50169981  0.49760152  0.48623188
  0.47910728  0.47645241  0.47080669  0.46648735  0.46335368  0.4564546
  0.45195387  0.44643636  0.44463586  0.4412102   0.43664718  0.43501672
  0.43066592  0.42988666  0.42668528  0.42321613  0.42086543  0.41978399
  0.41796096  0.41234131  0.41548848  0.41074977  0.40754115  0.40637672
  0.40620268  0.40369857  0.40025851  0.39992825  0.39993566  0.39529847
  0.39667239  0.39328056  0.39339324  0.3920078   0.39167743  0.38977456
  0.39059531  0.38350101]
training accuracy is :[ 0.66305851  0.76841312  0.79071809  0.80276596  0.81343972  0.81725177
  0.8225      0.8274734   0.82878546  0.83304965  0.83404255  0.83693262
  0.83742021  0.84009752  0.84070035  0.8425266   0.8433156   0.84675532
  0.84630319  0.84708333  0.84902482  0.84998227  0.85111702  0.84962766
  0.85265071  0.85154255  0.85367021  0.85414007  0.85530142  0.85522163
  0.85617908  0.85801418  0.85578014  0.85659574  0.8589273   0.85744681
  0.8585461   0.85911348  0.86076241  0.86015957  0.86078014  0.86114362
  0.86036348  0.86234043  0.86179965  0.86178191  0.86194149  0.86349291
  0.86205674  0.86489362]
validation_loss loss is :[ 0.56791688  0.50399091  0.46987604  0.45011447  0.43435005  0.42398152
  0.41719044  0.40876954  0.40594733  0.39960607  0.39563352  0.3928021
  0.39114891  0.38691659  0.38383335  0.38239713  0.38023176  0.37834104
  0.37546164  0.37361374  0.37166637  0.37046676  0.36911952  0.36887745
  0.36754044  0.36575354  0.36525308  0.36406111  0.36337266  0.36328325
  0.36219591  0.36181661  0.36011579  0.36079872  0.35975129  0.35944912
  0.35804549  0.35811807  0.35812047  0.3567344   0.35573478  0.35519019
  0.3543027   0.35434864  0.35322033  0.35283051  0.35349422  0.3525032
  0.35197153  0.35020275]
validation_acc loss is :[ 0.81973404  0.8375      0.84829787  0.85132979  0.85537234  0.85632979
  0.86026596  0.86101064  0.86106383  0.86404255  0.86484043  0.86579787
  0.86675532  0.86707447  0.86867021  0.86973404  0.86930851  0.87026596
  0.87143617  0.8725      0.87281915  0.87164894  0.87361702  0.87292553
  0.87393617  0.87494681  0.87382979  0.87494681  0.87462766  0.87553191
  0.87531915  0.87547872  0.87659574  0.87521277  0.87601064  0.87643617
  0.87718085  0.87611702  0.87648936  0.87808511  0.87765957  0.87675532
  0.87829787  0.87898936  0.87861702  0.87797872  0.87920213  0.87968085
  0.87861702  0.87914894]
