training loss is :[ 2.04994025  0.87373467  0.69591344  0.61910159  0.57204496  0.54080626
  0.51274429  0.49772343  0.48164158  0.47345225  0.46003544  0.4507744
  0.44522363  0.43863888  0.42907828  0.42857173  0.42251073  0.4189228
  0.41263919  0.41141263  0.40956917  0.40166543  0.402065    0.3970098
  0.39564545  0.39369238  0.39023703  0.39158258  0.39010562  0.3850809
  0.38520821  0.37995808  0.38181971  0.37606364  0.37640713  0.37551737
  0.37342823  0.37321024  0.37303881  0.37214456  0.37136154  0.36420159
  0.36538894  0.37052576  0.36757276  0.36662006  0.36546305  0.36238085
  0.36332188  0.36176631]
training accuracy is :[ 0.4185461   0.71620567  0.77096631  0.79450355  0.80882979  0.81993794
  0.82609929  0.83180851  0.83608156  0.83886525  0.84426418  0.8464273
  0.84879433  0.84911348  0.85402482  0.85319149  0.85339539  0.85569149
  0.85855496  0.85878546  0.85913121  0.86155142  0.86050532  0.86207447
  0.86335106  0.8633422   0.86378546  0.86475177  0.86532801  0.86639184
  0.86702128  0.86724291  0.86678191  0.86929965  0.86865248  0.87014184
  0.86929078  0.86999113  0.87064716  0.8691578   0.87141844  0.87184397
  0.87268617  0.87112589  0.87054078  0.87220745  0.87312057  0.87273936
  0.87194149  0.87288121]
validation_loss loss is :[ 0.68871026  0.49469351  0.43990536  0.40206834  0.39313358  0.37414716
  0.37403147  0.35424865  0.35482954  0.34461318  0.34333353  0.33912384
  0.33775748  0.33615258  0.33578682  0.32830441  0.32421874  0.32804851
  0.32352877  0.32130809  0.32319985  0.32835398  0.31943372  0.31443355
  0.31319478  0.31177304  0.31696626  0.31263732  0.31020892  0.31428033
  0.31640637  0.3127585   0.30856178  0.31041957  0.30946298  0.30571398
  0.30294643  0.3028941   0.31431814  0.30842544  0.30634643  0.30946429
  0.30334458  0.30613133  0.30631127  0.30453116  0.30226121  0.30599942
  0.30791567  0.30003701]
validation_acc loss is :[ 0.77335106  0.82792553  0.84680851  0.85861702  0.8612766   0.86776596
  0.86739362  0.87537234  0.87452128  0.87648936  0.87755319  0.87920213
  0.87824468  0.88058511  0.8806383   0.88069149  0.88340426  0.88324468
  0.88414894  0.88388298  0.88452128  0.88265957  0.88664894  0.88595745
  0.8862234   0.88851064  0.88531915  0.88861702  0.88925532  0.88680851
  0.88760638  0.88659574  0.8887766   0.88888298  0.89047872  0.89021277
  0.89170213  0.89117021  0.88840426  0.89053191  0.88882979  0.88882979
  0.89106383  0.89037234  0.88925532  0.89132979  0.89111702  0.89111702
  0.89074468  0.89287234]
