training loss is :[ 1.14656143  0.64015142  0.55090953  0.51222401  0.48207382  0.46207449
  0.45152452  0.44061477  0.4307127   0.42583474  0.4209893   0.41795109
  0.41400981  0.41502675  0.41242884  0.4141051   0.41223803  0.41177013
  0.40964624  0.41029185  0.40675772  0.40788362  0.40869188  0.40820005
  0.40777358  0.40497714  0.40483325  0.40632327  0.40302462  0.40207627
  0.40245578  0.40105937  0.40394179  0.40241661  0.40471731  0.40259435
  0.40417207  0.40502701  0.40400264  0.40476421  0.40538209  0.40319966
  0.40324432  0.40398782  0.40840587  0.40370826  0.40650094  0.40928524
  0.40968461  0.4078796 ]
training accuracy is :[ 0.66036348  0.79260638  0.81902482  0.83080674  0.8397695   0.84477837
  0.84784574  0.8512234   0.85568262  0.85674645  0.85859929  0.86015071
  0.86144504  0.86156028  0.86361702  0.86264184  0.86359043  0.86320035
  0.86496454  0.86554965  0.86589539  0.86538121  0.86625887  0.86661348
  0.86711879  0.86703014  0.86641844  0.86781028  0.86704787  0.86929078
  0.86804078  0.86808511  0.86862589  0.86898936  0.86927305  0.8691844
  0.8691844   0.86919326  0.87031028  0.86932624  0.87011525  0.86995567
  0.87148936  0.86998227  0.87021277  0.8706383   0.87125887  0.86873227
  0.86980496  0.87      ]
validation_loss loss is :[ 0.54216927  0.4652163   0.42616464  0.41150896  0.40200062  0.38784557
  0.38500217  0.37169463  0.36597866  0.37134514  0.37894528  0.36194895
  0.37147848  0.37285028  0.37010374  0.36037736  0.3808872   0.3757685
  0.37080384  0.35973539  0.36118436  0.3634581   0.38032716  0.35710126
  0.40002979  0.38096595  0.36025536  0.38098755  0.35349403  0.41643428
  0.36451242  0.36622864  0.36262687  0.38868064  0.35808865  0.35881572
  0.3533965   0.35839587  0.3824195   0.35696354  0.3804912   0.36553979
  0.38524784  0.35426892  0.36244899  0.37661702  0.35846773  0.35631836
  0.36123071  0.36452551]
validation_acc loss is :[ 0.82962766  0.84845745  0.85882979  0.8618617   0.865       0.86861702
  0.87        0.87765957  0.87707447  0.87505319  0.8743617   0.87792553
  0.87909574  0.87648936  0.87787234  0.87920213  0.87781915  0.87718085
  0.87984043  0.88117021  0.88053191  0.8787234   0.88047872  0.88191489
  0.87952128  0.87957447  0.8818617   0.88085106  0.88260638  0.87973404
  0.88228723  0.88255319  0.8806383   0.88085106  0.88265957  0.88244681
  0.88329787  0.8831383   0.88212766  0.88409574  0.8812766   0.88021277
  0.88079787  0.8812766   0.88207447  0.88276596  0.88329787  0.88132979
  0.88223404  0.8806383 ]
