training loss is :[ 1.72543219  0.92883622  0.79524594  0.72901814  0.68537631  0.65109248
  0.63090498  0.60710418  0.59564938  0.58173825  0.5706569   0.56333029
  0.55124684  0.54643309  0.5379736   0.53203226  0.52546241  0.51772708
  0.51749203  0.51151991  0.50421159  0.50514307  0.4977608   0.49333209
  0.4900133   0.48775131  0.48350752  0.48448543  0.48076431  0.48043608
  0.4731582   0.4732203   0.46715609  0.4688164   0.46450234  0.46303087
  0.46220516  0.46153604  0.4567892   0.45732409  0.45515492  0.45290235
  0.45138582  0.44925351  0.44726362  0.44665699  0.44623154  0.44643701
  0.44167485  0.44518602]
training accuracy is :[ 0.4956383   0.70100177  0.73832447  0.76039007  0.77469858  0.7831383
  0.79046099  0.79750887  0.80160461  0.80546099  0.80984929  0.81140071
  0.81529255  0.81750887  0.81704787  0.82194149  0.82273936  0.82534574
  0.82617908  0.82687943  0.82876773  0.83046986  0.82991135  0.83195035
  0.83359929  0.83486702  0.83698582  0.83611702  0.83529255  0.83712766
  0.8389805   0.83778369  0.8406383   0.84046986  0.84116135  0.8427305
  0.84199468  0.84257092  0.84471631  0.84338652  0.8449734   0.8454344
  0.84446809  0.84594858  0.84671986  0.8466844   0.84724291  0.84748227
  0.84807624  0.84801418]
validation_loss loss is :[ 0.63459071  0.52869363  0.48122462  0.45435171  0.43578917  0.42428539
  0.41599887  0.40510028  0.40097687  0.39352465  0.38761728  0.38376941
  0.38090038  0.37676091  0.37459157  0.37135382  0.36816029  0.36638483
  0.36261802  0.36276112  0.35992272  0.35721015  0.35616765  0.35355009
  0.3522317   0.34979558  0.35040961  0.34773039  0.34538954  0.34503649
  0.34466808  0.34284235  0.34185828  0.34143144  0.33943304  0.33967937
  0.33851137  0.33763294  0.33686959  0.33621967  0.33612266  0.33509855
  0.33339498  0.33331521  0.33219831  0.33089264  0.33148302  0.33063709
  0.33078482  0.32799041]
validation_acc loss is :[ 0.79202128  0.81909574  0.83553192  0.84244681  0.84829787  0.85228723
  0.8543617   0.85765957  0.85898936  0.85760638  0.86101064  0.86345745
  0.86526596  0.86425532  0.86664894  0.86680851  0.86734043  0.86696809
  0.87010638  0.87005319  0.87132979  0.87101064  0.87329787  0.87202128
  0.87106383  0.87382979  0.87180851  0.87425532  0.8743617   0.87478723
  0.87478723  0.87425532  0.87601064  0.87526596  0.87574468  0.87632979
  0.87558511  0.87648936  0.87702128  0.87659574  0.87797872  0.87670213
  0.87712766  0.87845745  0.87835106  0.87909574  0.87856383  0.87835106
  0.87851064  0.87962766]
